return {
  version = "1.10",
  luaversion = "5.1",
  tiledversion = "1.12.2",
  class = "",
  orientation = "orthogonal",
  renderorder = "right-down",
  width = 60,
  height = 34,
  tilewidth = 8,
  tileheight = 8,
  nextlayerid = 3,
  nextobjectid = 20,
  backgroundcolor = { 234, 190, 151 },
  properties = {},
  tilesets = {
    {
      name = "fondo_tileset",
      firstgid = 1,
      class = "",
      tilewidth = 8,
      tileheight = 8,
      spacing = 0,
      margin = 0,
      columns = 12,
      image = "fondo_tileset.png",
      imagewidth = 96,
      imageheight = 96,
      objectalignment = "unspecified",
      tilerendersize = "tile",
      fillmode = "stretch",
      tileoffset = {
        x = 0,
        y = 0
      },
      grid = {
        orientation = "orthogonal",
        width = 8,
        height = 8
      },
      properties = {},
      wangsets = {},
      tilecount = 144,
      tiles = {}
    }
  },
  layers = {
    {
      type = "tilelayer",
      x = 0,
      y = 0,
      width = 60,
      height = 34,
      id = 1,
      name = "piso",
      class = "",
      visible = true,
      opacity = 1,
      offsetx = 0,
      offsety = 0,
      parallaxx = 1,
      parallaxy = 1,
      properties = {},
      encoding = "lua",
      data = {
        1, 2, 2, 2, 2, 2, 2, 2, 2, 2, 2, 2, 2, 2, 2, 2, 2, 2, 2, 2, 2, 2, 2, 2, 2, 2, 2, 2, 2, 2, 2, 2, 2, 2, 2, 2, 2, 2, 2, 2, 2, 2, 2, 2, 2, 2, 2, 2, 2, 2, 2, 2, 2, 2, 2, 2, 2, 2, 2, 3,
        13, 14, 14, 14, 14, 14, 14, 14, 14, 14, 14, 14, 14, 14, 14, 14, 14, 14, 14, 14, 14, 14, 14, 14, 14, 14, 14, 14, 14, 14, 14, 14, 14, 14, 14, 14, 37, 14, 14, 14, 14, 14, 14, 14, 14, 14, 14, 14, 14, 14, 14, 14, 14, 14, 14, 14, 14, 14, 14, 15,
        13, 14, 14, 14, 14, 14, 14, 14, 14, 14, 14, 14, 14, 14, 14, 14, 14, 14, 14, 14, 14, 14, 14, 14, 14, 14, 14, 14, 14, 14, 14, 14, 14, 14, 14, 14, 1610612774, 14, 14, 14, 14, 14, 14, 14, 14, 14, 14, 14, 14, 14, 14, 14, 14, 14, 14, 14, 14, 14, 14, 15,
        13, 14, 14, 14, 14, 14, 14, 14, 14, 14, 14, 14, 14, 14, 14, 14, 6, 7, 7, 7, 7, 7, 7, 7, 8, 14, 14, 14, 14, 14, 14, 14, 14, 14, 14, 14, 1610612773, 38, 38, 38, 38, 38, 14, 14, 14, 14, 14, 14, 14, 14, 14, 14, 14, 14, 14, 14, 14, 14, 14, 15,
        13, 14, 14, 14, 14, 14, 14, 14, 14, 14, 14, 14, 14, 14, 14, 14, 14, 14, 14, 14, 14, 14, 14, 14, 14, 14, 14, 14, 14, 14, 14, 14, 14, 14, 14, 14, 1610612774, 14, 14, 14, 14, 14, 14, 14, 14, 14, 14, 14, 14, 14, 14, 14, 14, 14, 14, 14, 14, 14, 14, 15,
        13, 14, 14, 14, 14, 16, 17, 14, 14, 14, 14, 14, 14, 14, 14, 14, 18, 19, 19, 19, 19, 19, 19, 19, 20, 14, 14, 14, 14, 14, 14, 14, 14, 14, 14, 14, 1610612773, 14, 14, 14, 14, 14, 14, 14, 14, 14, 14, 14, 14, 14, 14, 14, 14, 14, 14, 14, 14, 14, 14, 15,
        13, 14, 14, 14, 14, 28, 29, 14, 14, 14, 14, 14, 14, 14, 14, 14, 14, 14, 14, 14, 14, 14, 14, 14, 14, 14, 14, 14, 14, 14, 14, 14, 14, 14, 14, 14, 1610612774, 14, 14, 14, 14, 14, 14, 37, 38, 37, 38, 37, 38, 37, 1610612774, 14, 14, 14, 14, 14, 14, 14, 14, 15,
        13, 14, 14, 14, 14, 14, 14, 14, 14, 14, 14, 14, 14, 14, 14, 14, 14, 14, 14, 14, 14, 14, 14, 14, 14, 14, 14, 14, 14, 14, 14, 14, 14, 14, 14, 14, 1610612773, 14, 14, 14, 14, 14, 14, 14, 14, 14, 14, 14, 14, 14, 1610612773, 14, 14, 14, 14, 14, 14, 14, 14, 15,
        13, 14, 14, 14, 14, 14, 14, 14, 14, 14, 14, 14, 14, 14, 14, 14, 14, 14, 14, 14, 14, 14, 14, 14, 14, 14, 14, 14, 14, 14, 14, 14, 14, 14, 37, 38, 37, 38, 37, 38, 37, 38, 37, 38, 14, 4, 14, 14, 14, 14, 1610612774, 14, 14, 14, 14, 14, 14, 14, 14, 15,
        13, 14, 14, 14, 14, 14, 14, 14, 14, 14, 14, 14, 14, 14, 14, 14, 14, 14, 14, 14, 14, 14, 14, 14, 14, 14, 14, 14, 14, 14, 14, 14, 14, 14, 14, 14, 14, 14, 14, 14, 1610612774, 37, 37, 37, 14, 14, 14, 14, 14, 14, 1610612773, 14, 14, 14, 14, 14, 14, 14, 14, 15,
        13, 14, 14, 14, 14, 14, 14, 14, 14, 14, 14, 14, 14, 14, 14, 14, 14, 14, 14, 14, 14, 14, 14, 14, 14, 14, 14, 14, 14, 14, 14, 14, 14, 14, 14, 14, 14, 14, 14, 14, 1610612773, 14, 14, 14, 14, 14, 14, 14, 14, 14, 1610612774, 14, 14, 14, 14, 14, 14, 14, 14, 15,
        13, 14, 14, 14, 14, 14, 14, 14, 14, 14, 14, 14, 14, 14, 14, 14, 14, 14, 14, 14, 14, 14, 14, 14, 14, 14, 14, 14, 14, 14, 14, 14, 14, 14, 14, 14, 14, 14, 14, 14, 1610612774, 14, 14, 14, 14, 14, 14, 14, 14, 14, 1610612773, 14, 14, 14, 14, 14, 14, 14, 14, 15,
        13, 14, 14, 14, 14, 14, 14, 14, 14, 14, 14, 14, 14, 14, 14, 14, 14, 14, 14, 14, 14, 14, 14, 14, 14, 14, 14, 14, 14, 14, 14, 14, 14, 14, 14, 14, 14, 14, 14, 14, 37, 38, 37, 38, 37, 38, 37, 38, 37, 38, 1610612774, 14, 14, 14, 14, 14, 14, 14, 14, 15,
        13, 14, 14, 14, 14, 14, 14, 14, 14, 14, 14, 14, 14, 14, 14, 14, 14, 14, 14, 14, 14, 14, 14, 14, 14, 14, 14, 14, 14, 14, 14, 14, 14, 14, 14, 14, 14, 14, 14, 14, 14, 14, 14, 14, 14, 14, 14, 14, 14, 14, 14, 14, 14, 14, 14, 14, 14, 14, 14, 15,
        13, 14, 14, 14, 14, 14, 14, 14, 14, 14, 14, 14, 14, 14, 14, 14, 14, 14, 14, 14, 14, 14, 14, 14, 14, 14, 14, 14, 14, 14, 14, 14, 14, 14, 16, 17, 14, 14, 14, 14, 14, 14, 14, 14, 14, 14, 14, 14, 14, 14, 14, 14, 14, 14, 14, 14, 14, 14, 14, 15,
        13, 14, 14, 14, 14, 14, 14, 14, 14, 14, 42, 55, 44, 14, 14, 14, 14, 14, 14, 14, 16, 17, 14, 14, 14, 14, 14, 14, 14, 14, 14, 14, 14, 14, 28, 29, 14, 14, 14, 14, 14, 14, 0, 0, 0, 0, 0, 0, 0, 0, 0, 0, 0, 0, 14, 14, 14, 14, 14, 15,
        13, 14, 14, 14, 14, 14, 14, 14, 14, 14, 54, 14, 56, 14, 14, 14, 14, 14, 14, 14, 28, 29, 14, 14, 14, 14, 14, 14, 14, 14, 14, 14, 14, 14, 14, 14, 14, 14, 14, 14, 14, 14, 0, 0, 0, 0, 0, 0, 0, 0, 0, 0, 0, 0, 14, 14, 14, 14, 14, 15,
        13, 14, 14, 14, 14, 14, 14, 14, 14, 14, 66, 67, 68, 14, 14, 14, 14, 14, 14, 14, 14, 14, 14, 14, 14, 14, 14, 14, 14, 14, 14, 14, 14, 14, 14, 14, 14, 14, 14, 14, 14, 14, 0, 0, 0, 0, 0, 0, 0, 0, 0, 0, 0, 0, 14, 14, 14, 14, 14, 15,
        13, 14, 14, 14, 14, 14, 14, 14, 14, 14, 14, 14, 14, 14, 14, 14, 14, 14, 14, 14, 14, 14, 14, 14, 14, 14, 14, 14, 14, 14, 14, 14, 14, 14, 14, 14, 14, 14, 14, 14, 14, 14, 0, 0, 0, 0, 0, 0, 0, 0, 0, 0, 0, 0, 14, 14, 14, 14, 14, 15,
        13, 14, 14, 14, 14, 14, 14, 14, 14, 14, 14, 14, 14, 14, 14, 14, 14, 14, 14, 14, 14, 14, 14, 14, 14, 14, 14, 14, 14, 14, 14, 14, 14, 14, 14, 14, 14, 14, 14, 14, 14, 14, 0, 0, 0, 0, 0, 0, 0, 0, 0, 0, 0, 0, 14, 14, 14, 14, 14, 15,
        13, 14, 14, 14, 14, 14, 14, 14, 14, 14, 14, 14, 14, 14, 14, 14, 14, 14, 14, 14, 14, 14, 14, 14, 14, 14, 14, 14, 49, 49, 49, 49, 49, 14, 14, 14, 14, 14, 14, 14, 14, 14, 0, 0, 0, 0, 0, 0, 0, 0, 0, 0, 0, 0, 14, 14, 14, 14, 14, 15,
        13, 14, 14, 14, 14, 14, 14, 14, 14, 14, 14, 14, 14, 14, 14, 14, 14, 14, 14, 14, 14, 14, 14, 14, 14, 14, 14, 14, 49, 14, 14, 14, 49, 14, 14, 14, 14, 14, 14, 14, 14, 14, 0, 0, 0, 0, 0, 14, 14, 14, 14, 14, 14, 14, 14, 14, 14, 14, 14, 15,
        13, 14, 14, 14, 14, 14, 14, 14, 14, 14, 14, 14, 14, 14, 14, 14, 14, 14, 14, 14, 14, 14, 14, 14, 14, 14, 14, 14, 49, 14, 64, 14, 49, 14, 14, 14, 14, 14, 14, 14, 14, 14, 0, 0, 0, 0, 0, 50, 50, 50, 50, 50, 50, 50, 50, 50, 50, 50, 14, 15,
        13, 14, 14, 14, 14, 14, 14, 14, 14, 14, 14, 14, 14, 14, 6, 14, 8, 14, 14, 14, 14, 14, 14, 14, 14, 14, 14, 14, 49, 14, 76, 14, 49, 14, 14, 14, 14, 14, 14, 14, 14, 14, 0, 0, 0, 0, 0, 50, 14, 14, 14, 14, 14, 14, 14, 14, 14, 50, 14, 15,
        13, 14, 14, 14, 14, 14, 14, 14, 14, 14, 14, 14, 14, 14, 1610612743, 14, 2684354567, 14, 14, 14, 14, 14, 14, 14, 14, 14, 14, 14, 49, 14, 14, 14, 49, 14, 14, 14, 14, 14, 14, 14, 14, 14, 0, 0, 0, 0, 0, 50, 14, 9, 9, 10, 11, 9, 10, 11, 14, 50, 14, 15,
        13, 14, 14, 14, 14, 14, 14, 14, 14, 14, 14, 14, 14, 14, 1610612743, 14, 2684354567, 14, 14, 14, 14, 14, 14, 14, 14, 14, 14, 14, 49, 14, 14, 14, 49, 14, 14, 14, 14, 14, 14, 14, 14, 14, 0, 0, 0, 0, 0, 50, 14, 21, 22, 22, 22, 22, 22, 23, 14, 50, 14, 15,
        13, 14, 14, 14, 14, 14, 14, 14, 14, 14, 14, 14, 14, 14, 1610612743, 14, 2684354567, 14, 14, 14, 14, 14, 14, 14, 14, 16, 17, 14, 14, 14, 14, 14, 49, 14, 14, 14, 14, 14, 14, 14, 14, 14, 14, 14, 14, 14, 14, 50, 14, 21, 22, 14, 14, 14, 22, 35, 14, 50, 14, 15,
        13, 14, 14, 14, 14, 14, 14, 14, 14, 14, 14, 14, 14, 14, 1610612743, 14, 2684354567, 14, 14, 14, 14, 14, 14, 14, 14, 28, 29, 14, 14, 14, 14, 14, 49, 14, 14, 14, 14, 14, 14, 14, 14, 14, 14, 14, 14, 14, 14, 50, 14, 21, 22, 14, 14, 14, 22, 11, 14, 50, 14, 15,
        13, 14, 14, 14, 14, 14, 14, 14, 14, 14, 14, 14, 14, 14, 18, 14, 20, 14, 14, 14, 14, 14, 14, 14, 14, 14, 14, 14, 49, 14, 14, 14, 49, 14, 14, 14, 14, 14, 14, 14, 14, 14, 14, 14, 14, 14, 14, 50, 14, 21, 22, 22, 22, 22, 22, 23, 14, 50, 14, 15,
        13, 14, 14, 14, 14, 14, 14, 14, 14, 14, 14, 14, 14, 14, 14, 14, 14, 14, 14, 14, 14, 14, 14, 14, 14, 14, 14, 14, 49, 14, 14, 14, 49, 14, 14, 14, 14, 14, 14, 14, 14, 14, 14, 14, 14, 14, 14, 50, 14, 33, 34, 34, 22, 34, 34, 35, 14, 50, 14, 15,
        13, 14, 14, 14, 14, 14, 14, 14, 14, 14, 14, 14, 14, 14, 14, 14, 14, 14, 14, 14, 14, 14, 14, 14, 14, 14, 14, 14, 49, 14, 14, 14, 49, 14, 14, 14, 14, 14, 14, 14, 14, 14, 14, 14, 14, 14, 14, 50, 14, 14, 14, 14, 14, 14, 14, 14, 14, 14, 14, 15,
        13, 14, 14, 14, 14, 14, 14, 14, 14, 14, 14, 14, 14, 14, 14, 14, 14, 14, 14, 14, 14, 14, 14, 14, 14, 14, 14, 14, 49, 14, 14, 14, 49, 14, 14, 14, 14, 14, 14, 14, 14, 14, 14, 14, 14, 14, 14, 50, 50, 50, 50, 50, 50, 50, 50, 50, 50, 50, 14, 15,
        13, 14, 14, 14, 14, 14, 14, 14, 14, 14, 14, 14, 14, 14, 14, 14, 14, 14, 14, 14, 14, 14, 14, 14, 14, 14, 14, 14, 49, 14, 14, 14, 49, 14, 14, 14, 14, 14, 14, 14, 14, 14, 14, 14, 14, 14, 14, 14, 14, 14, 14, 14, 14, 14, 14, 14, 14, 14, 14, 15,
        25, 26, 26, 26, 26, 26, 26, 26, 26, 26, 26, 26, 26, 26, 26, 26, 26, 26, 26, 26, 26, 26, 26, 26, 26, 26, 26, 26, 26, 26, 26, 26, 26, 26, 26, 26, 26, 26, 26, 26, 26, 26, 26, 26, 26, 26, 26, 26, 26, 26, 26, 26, 26, 26, 26, 26, 26, 26, 26, 27
      }
    },
    {
      type = "objectgroup",
      draworder = "topdown",
      id = 2,
      name = "paredes",
      class = "",
      visible = true,
      opacity = 1,
      offsetx = 0,
      offsety = 0,
      parallaxx = 1,
      parallaxy = 1,
      properties = {},
      objects = {
        {
          id = 1,
          name = "",
          type = "",
          shape = "rectangle",
          x = 223.5,
          y = 159.5,
          width = 8,
          height = 48,
          rotation = 0,
          opacity = 1,
          visible = true,
          properties = {}
        },
        {
          id = 2,
          name = "",
          type = "",
          shape = "rectangle",
          x = 223.5,
          y = 224.5,
          width = 8,
          height = 40,
          rotation = 0,
          opacity = 1,
          visible = true,
          properties = {}
        },
        {
          id = 4,
          name = "",
          type = "",
          shape = "rectangle",
          x = 256,
          y = 160,
          width = 8,
          height = 104,
          rotation = 0,
          opacity = 1,
          visible = true,
          properties = {}
        },
        {
          id = 6,
          name = "",
          type = "",
          shape = "rectangle",
          x = 232.25,
          y = 159.75,
          width = 23,
          height = 8,
          rotation = 0,
          opacity = 1,
          visible = true,
          properties = {}
        },
        {
          id = 7,
          name = "",
          type = "",
          shape = "rectangle",
          x = 376.25,
          y = 176,
          width = 88,
          height = 8,
          rotation = 0,
          opacity = 1,
          visible = true,
          properties = {}
        },
        {
          id = 8,
          name = "",
          type = "",
          shape = "rectangle",
          x = 376,
          y = 184.5,
          width = 8,
          height = 72,
          rotation = 0,
          opacity = 1,
          visible = true,
          properties = {}
        },
        {
          id = 9,
          name = "",
          type = "",
          shape = "rectangle",
          x = 384.5,
          y = 247.75,
          width = 80,
          height = 8,
          rotation = 0,
          opacity = 1,
          visible = true,
          properties = {}
        },
        {
          id = 10,
          name = "",
          type = "",
          shape = "rectangle",
          x = 455.75,
          y = 185,
          width = 8.5,
          height = 54.75,
          rotation = 0,
          opacity = 1,
          visible = true,
          properties = {}
        },
        {
          id = 13,
          name = "",
          type = "",
          shape = "rectangle",
          x = 288,
          y = 8,
          width = 7.75,
          height = 56.25,
          rotation = 0,
          opacity = 1,
          visible = true,
          properties = {}
        },
        {
          id = 14,
          name = "",
          type = "",
          shape = "rectangle",
          x = 296.25,
          y = 23.75,
          width = 39.75,
          height = 7.75,
          rotation = 0,
          opacity = 1,
          visible = true,
          properties = {}
        },
        {
          id = 15,
          name = "",
          type = "",
          shape = "rectangle",
          x = 271.75,
          y = 64,
          width = 79.75,
          height = 7.25,
          rotation = 0,
          opacity = 1,
          visible = true,
          properties = {}
        },
        {
          id = 16,
          name = "",
          type = "",
          shape = "rectangle",
          x = 320,
          y = 71.75,
          width = 7.75,
          height = 32,
          rotation = 0,
          opacity = 1,
          visible = true,
          properties = {}
        },
        {
          id = 17,
          name = "",
          type = "",
          shape = "rectangle",
          x = 328.75,
          y = 96,
          width = 79,
          height = 7.75,
          rotation = 0,
          opacity = 1,
          visible = true,
          properties = {}
        },
        {
          id = 18,
          name = "",
          type = "",
          shape = "rectangle",
          x = 400,
          y = 48,
          width = 8,
          height = 47,
          rotation = 0,
          opacity = 1,
          visible = true,
          properties = {}
        },
        {
          id = 19,
          name = "",
          type = "",
          shape = "rectangle",
          x = 343.75,
          y = 47.75,
          width = 55.5,
          height = 8,
          rotation = 0,
          opacity = 1,
          visible = true,
          properties = {}
        }
      }
    }
  }
}
